8.178653846153846
11.193577777777778
10.729605
12.014750000000001
10.114472222222222
8.985521875000002
11.425422727272727
8.898295000000001
16.42256
14.080483333333333
11.899260714285713
13.258325000000001
8.916668181818181
4.385136666666667
4.653343333333333
7.97995
8.088504545454546
8.912505000000001
10.253575000000001
8.573368181818182
9.56839
11.113872727272726
9.832040000000001
9.66168
8.72279
8.465790909090908
11.291892307692306
8.904045000000002
9.632633333333333
8.7035
8.99263
8.969570833333334
9.315885000000002
9.803994999999999
9.401227272727272
9.098724999999998
8.73133636363636
8.720415
7.896967857142856
4.759533333333334
7.838616666666668
6.658049999999999
4.585415789473683
5.350829411764706
6.492137500000001
4.373476470588236
4.440520000000001
3.646938235294117
5.119483333333332
4.8582374999999995
4.118993333333333
5.693618750000002
5.060041666666667
5.647773333333334
5.765230769230769
5.395320833333334
6.008646153846154
5.894676923076923
4.230946428571428
5.780923333333333
5.057128571428571
5.275214285714286
5.541339285714286
5.382346428571431
5.729938235294117
4.286523333333332
5.0554961538461525
5.1289678571428565
6.452392307692308
5.058004166666667
5.4646291666666675
6.194004166666667
5.289696428571429
4.6846031250000015
5.587411538461538
5.8276916666666665
6.890250000000001
6.057733333333333
5.869437500000001
6.043676923076925
6.0147416666666675
4.821878571428572
5.036109375000001
6.117773333333335
5.280012500000001
5.703704166666667
5.371066666666667
5.854253125000001
4.010533333333333
5.839065625
6.192228571428572
6.522332352941176
8.723588461538462
7.6543366666666675
11.942039999999999
8.930964285714287
9.731832142857142
6.8868986111111115
8.7281
8.706157142857144
8.779696428571429
8.649907142857144
8.197160714285713
8.553628571428574
7.964368750000001
8.702082142857144
10.609534375
10.091928571428571
10.06597142857143
10.103610714285715
9.831471428571428
10.003132142857144
9.331410714285713
8.568210714285716
9.298203571428573
9.288953571428571
8.102578571428571
9.23995
8.786464285714285
5.897834210526315
9.920792857142859
9.676242857142858
10.099525000000002
8.507746428571428
9.34349642857143
8.853517857142856
9.242292857142857
10.373700000000001
8.530060714285714
8.965925000000002
9.854285714285716
9.945400000000001
9.996976666666667
9.994467857142858
9.595325
8.384326666666666
10.097936666666666
6.282068421052632
7.9418410714285725
5.71524052631579
7.208250000000001
9.641357692307693
8.344607692307692
7.364465384615383
8.87797307692308
8.08233076923077
8.60828076923077
8.46647307692308
7.595580000000001
7.298703125000002
8.744288461538465
8.547819230769232
9.575919230769232
8.449796153846155
7.923942307692309
6.956142307692309
8.870773076923076
6.378280000000002
10.179991666666668
9.479750000000001
6.352334375000001
9.4191625
9.7334375
10.026325000000002
7.482820000000002
8.264016666666668
11.211174999999999
11.327062499999998
8.946579999999999
8.196510714285715
9.4412625
9.989266666666667
8.609612500000003
12.610457692307692
7.733862500000001
9.248416666666667
14.632299999999999
8.778054166666669
9.874904166666669
11.502154166666667
9.172408333333335
9.369837500000003
15.007764285714284
9.118442857142858
7.906522727272729
8.365386363636366
6.653654545454546
8.585636363636363
9.018936363636364
8.072986363636364
6.796627272727274
7.860313636363638
10.211586363636364
9.181681818181818
6.188663636363638
10.608654545454549
8.588072727272728
9.72245909090909
6.747822727272728
7.851045454545456
8.827509090909093
8.505531818181819
8.251120833333335
7.820142307692308
7.5591375
5.679161904761906
12.727444444444444
9.385436363636364
8.7565375
13.959459999999998
13.28690416666667
10.327467857142858
13.99099
9.92742142857143
14.641779999999999
12.908470000000001
13.627695000000001
12.76940416666667
12.827740909090911
10.280946153846156
12.239234615384616
13.513418181818182
8.63768076923077
13.932091666666667
10.421269230769232
11.925514999999999
12.176080000000002
9.443658333333335
12.881027272727275
14.296859090909091
14.64703
12.692058333333332
12.541711538461538
13.90722
13.072700000000001
13.525204999999998
12.638600000000004
13.901584999999999
10.64408846153846
10.743854166666665
10.857039285714286
14.717840909090912
13.223463636363636
9.578790000000001
13.685266666666667
11.543281818181818
12.784
14.035730000000001
8.092115384615385
10.954504545454546
11.687575
10.048658333333336
12.487227777777777
9.789344444444446
10.636255555555557
14.03348888888889
14.825905555555556
14.03328
13.152305000000004
7.439023333333333
14.657583333333335
13.128922222222224
15.692155555555555
6.629488461538462
9.68973076923077
11.789950000000001
10.66299
12.726655555555558
12.544916666666666
13.39977777777778
14.55012777777778
7.963053571428571
11.756266666666665
12.157955555555557
12.930522222222223
9.114566666666667
12.432377777777774
12.436666666666671
10.939190000000002
11.77825
9.999058333333336
12.581250000000002
8.952499999999999
11.983607692307691
7.987296666666666
7.239417647058825
11.381509999999999
18.349522222222223
10.179534375000001
11.440967
11.578755
12.551265
8.730491666666667
14.102475
20.7847
20.697768888888888
21.896516666666667
12.133831818181818
12.071065384615386
10.732660000000001
7.820395238095237
16.832805555555556
14.796727777777777
12.32812
13.970689285714284
17.646456666666666
23.444375000000004
23.355670000000003
17.573242857142855
14.214070000000001
9.529420833333333
6.793128125000001
9.535819230769231
9.60822857142857
7.473053846153847
11.854372222222223
9.577240909090909
9.864925
12.3553875
15.40825
14.235327272727275
15.284922727272725
14.654554166666665
4.87848793103448
4.88645806451613
5.759187931034481
5.813075
8.72779375
6.373327083333334
5.8670684
7.612057142857141
11.982654545454547
10.925808333333334
12.04573181818182
12.823731818181818
12.598618181818178
7.678958333333333
5.5161977272727265
7.266938235294118
7.072563157894736
9.782314615384617
6.884267647058823
7.157514687500001
6.957917647058824
4.811455000000001
8.055256578947368
5.529954545454546
6.318513888888887
5.830071052631579
5.691683333333333
6.26769652173913
5.252647727272727
4.8261770833333335
6.0070369565217385
15.835959090909093
6.731019047619047
4.317682708333334
6.629276333333333
9.492793928571428
6.77374346153846
6.960594230769232
4.379680476190476
4.537871458333334
4.67538826923077
4.936712666666667
5.3275012
5.877574999999999
5.751384310344828
9.989366764705883
10.28694923076923
4.837934166666665
4.903767777777778
6.556904333333334
8.052966666666666
8.49498423076923
8.888709
6.951698000000002
6.782809166666667
7.445546500000002
5.149403333333333
8.45317642857143
9.262764583333334
8.004333333333333
9.065126333333335
10.972726666666668
9.92831272727273
9.752635909090909
10.165176818181818
8.175183181818182
7.95666590909091
7.652715454545455
6.466646428571429
10.025576153846156
10.163560909090911
9.340483181818183
11.625366923076921
7.1475319230769205
6.771009374999999
5.914241874999999
8.374229166666668
8.877863000000001
14.131572083333335
11.7579821875
12.451071666666666
11.844650833333333
8.374940666666667
11.872265909090908
4.449490869565216
12.097640000000002
12.296668181818182
13.896277272727271
11.01548846153846
8.700957857142857
13.52824090909091
14.39965
14.608269999999997
10.275105
11.709220000000002
12.562075
12.342855000000002
10.988245
10.878945454545454
7.768666666666667
12.615367857142859
9.866745833333333
9.60222285714286
15.370181818181818
13.966204545454545
12.336668181818183
11.045734375000002
14.275812499999999
12.30918181818182
12.945368181818182
11.483390909090911
16.28985909090909
15.943895454545457
16.79040454545455
12.8102
16.04759090909091
16.35203181818182
12.671577272727273
12.423404545454547
13.261118181818183
16.103450000000002
14.50320909090909
11.744930555555555
9.346291666666668
9.765027272727274
11.083957692307692
12.120054999999999
15.079104545454546
13.43974
12.389995
14.399068181818182
10.611053636363636
12.05406272727273
10.42572181818182
13.67007227272727
11.655165454545454
13.923354545454547
12.389875454545454
12.554494545454547
11.101527727272726
11.81952590909091
14.878332083333333
13.294395833333333
14.1478725
11.614482142857144
14.323714545454546
12.680863461538461
11.8787375
11.3648075
11.39891875
8.502417857142857
10.767379545454547
13.499343636363635
11.968761923076922
13.095631250000002
10.928582500000001
9.365314285714286
12.833006818181818
12.248146363636364
13.56826772727273
13.199952727272727
13.82788909090909
11.096611363636365
12.407337272727274
14.260914545454543
13.002509583333334
9.553969666666667
12.472892272727272
13.913311363636362
13.97975909090909
8.589299666666667
7.686323333333333
10.42604607142857
13.346377272727272
12.277578636363637
10.292666363636362
11.39681909090909
10.818285454545453
9.177947333333332
9.294727272727274
10.707075
11.333631363636364
8.06526625
5.524401875000001
10.063595
11.024185384615384
11.589563076923076
7.300732499999998
7.476913809523809
14.742882500000004
17.8112815
13.090155000000001
17.058920714285716
20.963192
20.151017
20.0165015
20.312396500000002
19.773719545454544
17.9592815
9.62760472222222
15.073156176470588
15.347929545454546
8.690333666666668
12.434215500000002
11.474281666666668
14.408902999999997
14.571347999999999
12.463955500000003
11.054277727272728
10.712230000000002
10.41101409090909
10.875750416666664
11.623557272727272
10.223159545454546
8.523758076923079
9.165690769230768
9.014836923076926
7.473258124999998
10.654748181818183
11.19432590909091
12.466271363636364
12.188073636363635
11.52727818181818
8.983450714285716
11.078886818181816
8.842369375
9.16346861111111
12.839420500000001
11.713088
8.994351764705879
14.330229583333333
14.02243681818182
14.654941363636365
13.500059545454544
14.896970000000001
13.654042083333332
14.636257272727276
10.834741428571428
11.397558076923078
13.217277727272727
13.85375318181818
11.778163636363637
12.908164999999999
12.751223181818183
11.93072730769231
12.831163666666667
12.498670357142856
5.856508484848484
9.062794444444446
14.850791
15.5474145
15.0994505
14.6573055
13.939033
13.797005500000001
13.467003
12.969293636363638
12.044338214285712
11.550754583333335
9.335409642857144
13.373817500000001
14.900105909090911
14.417487727272729
14.404983181818183
14.189294545454546
11.116980454545454
11.269283461538464
7.322931944444444
7.9523874999999995
4.9255962962962965
9.094910416666668
7.340269999999999
9.290374545454545
5.982765277777777
3.916581290322581
7.462923823529412
7.576590937500002
7.536788333333335
7.9150029166666656
7.772773333333334
7.507200769230769
5.661422352941176
6.585561388888889
4.205951041666667
8.798206666666667
9.307349615384615
9.05305730769231
9.716428461538463
8.087300384615386
8.023935384615386
6.548911944444446
4.181210454545456
6.246134210526316
8.925310714285715
7.4305400000000015
6.314966000000001
11.39796307692308
8.931223333333334
5.36426923076923
4.236871481481482
4.542300666666666
3.7685112903225813
3.4382148571428575
4.063603833333334
4.618468260869567
4.047171730769231
8.8024725
11.829639166666668
9.842583181818183
8.3817365625
4.404011481481482
4.0814284
3.7719974000000005
4.097253333333334
7.478914999999999
9.277238214285717
8.1646
8.909654666666667
8.775308928571429
8.896242666666666
8.72015642857143
8.014442142857144
7.0133037499999995
6.993180384615385
6.497772142857142
4.904061666666666
7.66501
4.978575454545455
5.729213571428571
10.447856500000002
10.302218500000002
7.643035
7.990183571428571
11.518961666666666
10.595411153846154
5.1041271875
5.751365000000001
5.650338750000001
8.45284033333333
9.062243333333335
8.737090833333333
8.938844545454545
9.732674666666666
7.001756923076924
9.330757185
9.470805833333335
7.271130416666667
7.7686531818181805
7.4759353571428555
5.5926853125000004
6.375541875000001
6.617198928571429
6.547175789473684
6.328067894736841
4.2787979629629636
6.959285
5.343326212121212
5.608192352941178
9.269480555555555
6.6030782142857145
9.397747
13.115567
13.714604
11.616386666666665
11.213137692307694
8.081135625000002
10.495403603846153
15.037080000000001
13.24009
13.453994999999999
13.052112500000002
13.5058325
6.636312222222223
11.597909999999997
11.602799166666665
11.326999166666669
9.647707083333335
10.556436666666666
7.463005277777778
8.137661470588235
13.675596999999998
10.195917666666666
15.410833636363636
14.338979090909088
11.700338636363638
11.464540000000001
10.990772999999999
9.461402647058822
15.213012
13.9395525
13.560012000000002
10.604752857142856
9.287576153846153
12.447592272727272
13.556958999999999
13.777391499999997
13.185849
13.8471615
14.3557095
13.989059500000002
13.148537000000001
8.3241645
13.177039500000001
13.700098999999998
10.922068333333334
9.956006923076922
10.479387000000001
9.43187107142857
9.549083571428573
12.612676363636362
13.067063181818183
11.926833636363636
11.159331818181819
11.768072727272726
11.760770000000003
11.242358636363639
11.951463181818182
12.460285909090912
11.163229090909091
11.651381363636364
7.0501386111111115
6.64366975
8.615686666666667
15.82912944444444
13.5858265
17.9308025
19.247521249999995
17.18112125
18.2541425
18.961068125
15.102882500000002
9.248789583333332
9.845483333333334
13.065074444444445
16.76114
11.79775875
11.29388125
14.330103749999997
10.485768
7.117887499999998
6.322543928571429
7.743636250000001
6.1896925
9.874128888888889
10.29099611111111
8.253013571428573
14.331374642857142
12.977895
15.803157499999998
16.226592500000002
15.384832499999998
10.3729975
14.264882777777778
11.387832777777776
8.749876875000002
9.504836875000002
8.145829500000001
4.960770555555557
13.079423999999998
12.734316923076923
14.53961888888889
14.58832
14.83013222222222
14.562341111111111
11.205418888888891
10.362482222222223
12.69017111111111
12.546679999999999
15.46075777777778
13.743809999999998
14.65225777777778
9.600585625
10.122945833333334
10.021410000000003
13.425871249999998
11.186465
10.951268125
12.668658750000002
10.769518125000001
11.3191845
9.547014090909093
11.538122000000001
12.776135555555555
16.242821666666668
11.418544444444446
8.940597000000002
8.406473437499999
11.654384090909092
14.537270000000001
11.87058653846154
13.263013
10.539760000000001
9.66646875
8.976410714285715
12.702982222222223
13.473920555555555
11.357331153846154
8.958675454545455
8.002541363636363
9.821331111111112
8.3967
7.257991363636363
8.084325000000002
9.259404545454545
9.190835333333334
8.790392083333332
8.619967083333334
10.013645454545456
7.4980342857142865
8.674080357142856
5.362823703703705
4.197944117647058
4.425786129032259
4.7081965624999995
4.933650666666667
8.71628818181818
5.577731363636363
9.714503272727274
10.037390863636364
9.310235571428572
11.823942799999998
4.854379580000001
4.068678322580645
8.636960666666667
11.783222299999998
13.210082300000003
12.843405299999999
13.2707823
9.5489473
8.7982703
11.098262750000002
6.522504363636364
8.979192999999999
12.496797545454548
8.351518909090911
10.883904833333334
10.483744000000002
11.178679461538461
7.175115866666666
7.648342
9.875624
11.487640615384617
10.507836500000002
10.0745965
11.46337645
12.042356916666668
11.353008307692312
11.0219953
12.077069000000002
10.711793315789471
8.974362357142859
8.371929588235293
9.864384846153845
7.803028692307693
10.18948366666667
10.475583111111112
10.73203390909091
8.749816499999998
6.561988307692307
10.607912526315792
16.169924818181816
18.56542981818182
14.468932333333331
7.690684142857143
9.492094416666665
10.119272800000001
9.451985666666666
10.242141916666666
11.565689833333332
7.568950214285714
10.498356
13.713909818181818
16.273438454545456
15.442218454545458
14.18762481818182
10.760136181818183
7.711600615384617
10.421327800000002
8.380881083333335
11.222219222222222
11.727997555555557
11.167794777777777
12.043610888888887
8.793139416666667
11.08508525
11.747591866666667
9.966246769230771
9.950171083333334
8.288444416666668
7.389483785714286
6.222560176470589
11.000342923076925
13.4691238
11.039914076923079
7.236176866666667
10.530682090909089
8.94041941666667
12.054314222222219
11.062719777777778
10.875898
11.823470800000003
10.720843583333336
10.398143866666667
9.2188845
14.556832545454547
12.399704818181819
10.160060250000003
10.507333909090908
11.10603775
9.741744076923077
9.716396083333334
11.851758833333333
9.830322555555556
11.8301123
10.47763327777778
12.685114950000001
11.654097722222222
11.934065375000003
15.14761996153846
18.17931740909091
17.750058136363638
12.214794045454548
7.623216000000002
12.626666772727274
7.432680633333336
8.619038708333333
10.633525888888887
10.475095800000002
12.247084000000003
9.954044961538463
7.989139970588237
17.484748590909092
16.615742038461537
17.933017875
18.341030375000003
8.053636916666667
5.354354250000001
9.317778299999999
9.72241481818182
10.3340513
9.7266633
7.969959000000002
7.837143866666667
10.940150615384615
7.953488454545455
9.930341444444444
9.464090300000002
5.228318499999999
5.9386525555555565
9.409030799999998
9.6956833
10.151182681818181
8.448171500000003
9.6818803
9.759569777777777
10.124750888888888
9.50105588888889
9.861853111111111
10.459123111111111
10.765953666666668
11.25001977777778
11.980136444444444
9.145920727272728
10.607985300000001
10.92625045
10.810288909090907
8.921817875000002
10.848895333333335
10.455194777777779
8.150250214285714
10.892572300000001
10.280442458333335
8.020132041666667
11.26782845
7.741753966666668
18.69900865
18.69057905555556
11.24887327777778
9.979475863636361
11.042230950000002
10.39264645
10.470403450000003
9.76048145
11.03439895
10.787286450000003
10.770711450000002
10.19660145
10.17125345
10.311581449999998
10.033301450000002
10.33528645
11.095383136363637
13.875937208333335
9.839335950000002
11.046453949999998
10.847138950000003
6.797910966666667
5.1037922
11.05587090625
9.627207299999998
12.160711115384618
14.31582645
8.680619184210526
17.65937465
17.95878715
13.20492895
15.895342149999998
15.029023950000001
14.152294149999998
10.596355375
11.618795346153846
9.41757067857143
10.16603145
8.233611300000002
8.19117345
9.145475863636364
7.2739474642857145
8.31274145
8.645887538461539
8.76598145
9.964971636363638
10.8916618
10.8317933
11.458990800000002
9.116337269230769
10.253792555555556
9.164112000000001
8.756217799999998
8.863297555555556
9.416830800000001
10.274961611111113
10.312650374999999
10.923781625000002
11.543420333333335
10.626191
10.20654475
11.44575938888889
9.804601000000002
10.075300375000001
10.0088828
10.134887000000003
10.060863500000004
8.010278800000002
10.02435088888889
9.6090133
7.489652464285714
16.337776791666666
20.971119650000002
19.25613265
15.68426815
15.611869150000002
16.167539576923076
12.934687863636364
14.50906827777778
11.03323438888889
9.099785800000001
8.626131866666666
10.089389500000001
9.96804859090909
8.168610666666668
8.280196318181819
9.405683307692307
8.271815866666667
8.279143866666667
10.770184818181818
10.226591636363636
9.313036392857144
10.624465999999998
8.571013708333334
8.412458307692308
8.443211392857144
9.167031750000001
17.370396625
18.594546181818185
20.770239363636364
20.466132545454546
20.813737681818182
20.828187545454547
20.61012618181818
20.66309709090909
20.28860359090909
17.486592107142858
20.574757875000003
15.759925533333334
18.638886208333332
19.013313583333332
17.642910615384615
18.99430525
15.257940966666668
16.047981866666664
17.67047226923077
22.9097283
17.777348386363634
8.010593205882355
8.477636625
9.710134
12.757453950000002
12.0759753
8.9482645
8.462028000000002
6.1484795624999995
9.413895333333334
17.258663666666667
15.5170073
11.84801753846154
17.214785888888894
17.76615311111111
17.433558666666666
17.738548111111115
17.451867555555555
16.95878422222222
17.34843977777778
15.986543800000003
15.200070799999999
15.033314363636364
16.173960800000003
15.890858300000001
15.970210300000003
15.685958300000005
15.955620800000004
16.435138300000002
15.768060800000004
16.021910300000002
16.1892553
15.8790878
13.002932923076925
13.446719000000002
15.952045300000002
11.955262153846155
13.279619