0.0
1.0
1.0
2.0
0.0
0.0
0.0
0.0
1.0
12.0
1.0
0.0
1.0
0.0
3.0
1.0
0.0
1.0
1.0
0.0
0.0
0.0
0.0
0.0
0.0
1.0
1.0
0.0
0.0
0.0
1.0
2.0
0.0
1.0
0.0
2.0
0.0
0.0
0.0
2.0
1.0
0.0
0.0
0.0
0.0
0.0
1.0
2.0
3.0
3.0
0.0
0.0
0.0
0.0
0.0
0.0
6.0
0.0
0.0
0.0
0.0
0.0
0.0
0.0
0.0
1.0
0.0
0.0
0.0
0.0
0.0
0.0
0.0
0.0
0.0
1.0
0.0
4.0
0.0
0.0
0.0
0.0
0.0
0.0
0.0
0.0
0.0
0.0
1.0
0.0
0.0
0.0
0.0
0.0
1.0
1.0
2.0
2.0
2.0
0.0
3.0
1.0
3.0
0.0
0.0
0.0
3.0
0.0
0.0
1.0
1.0
0.0
3.0
2.0
0.0
1.0
2.0
0.0
0.0
1.0
1.0
0.0
1.0
0.0
0.0
10.0
0.0
18.0
37.0
24.0
8.0
9.0
10.0
2.0
2.0
0.0
0.0
0.0
0.0
5.0
0.0
0.0
2.0
1.0
4.0
0.0
4.0
0.0
5.0
6.0
4.0
4.0
6.0
6.0
3.0
0.0
1.0
0.0
0.0
0.0
3.0
1.0
0.0
1.0
6.0
0.0
0.0
0.0
2.0
0.0
0.0
0.0
8.0
0.0
4.0
0.0
0.0
0.0
0.0
8.0
0.0
0.0
0.0
0.0
0.0
4.0
0.0
0.0
0.0
0.0
0.0
0.0
0.0
0.0
0.0
0.0
1.0
0.0
2.0
0.0
0.0
0.0
0.0
1.0
2.0
0.0
0.0
0.0
0.0
2.0
1.0
0.0
0.0
0.0
0.0
0.0
0.0
0.0
0.0
5.0
0.0
0.0
0.0
0.0
0.0
1.0
0.0
2.0
0.0
1.0
0.0
2.0
0.0
0.0
0.0
0.0
0.0
0.0
1.0
1.0
1.0
3.0
1.0
0.0
1.0
0.0
2.0
0.0
0.0
3.0
1.0
0.0
0.0
0.0
1.0
1.0
6.0
0.0
0.0
1.0
0.0
0.0
0.0
0.0
1.0
0.0
0.0
0.0
0.0
0.0
0.0
1.0
0.0
0.0
0.0
0.0
0.0
1.0
0.0
1.0
0.0
1.0
4.0
0.0
0.0
0.0
0.0
0.0
1.0
2.0
0.0
0.0
4.0
0.0
0.0
0.0
0.0
4.0
1.0
1.0
0.0
0.0
0.0
1.0
4.0
0.0
0.0
0.0
2.0
0.0
0.0
0.0
0.0
0.0
6.0
4.0
0.0
0.0
0.0
4.0
0.0
0.0
0.0
2.0
4.0
14.0
18.0
59.0
34.0
2.0
2.0
0.0
0.0
0.0
0.0
0.0
0.0
0.0
0.0
0.0
0.0
0.0
1.0
0.0
0.0
0.0
0.0
0.0
0.0
0.0
0.0
0.0
0.0
0.0
0.0
0.0
0.0
0.0
0.0
0.0
0.0
0.0
0.0
0.0
0.0
0.0
0.0
0.0
0.0
14.0
69.0
90.0
154.0
36.0
6.0
0.0
0.0
0.0
0.0
0.0
0.0
0.0
0.0
0.0
0.0
0.0
0.0
2.0
0.0
0.0
1.0
0.0
2.0
0.0
1.0
1.0
3.0
4.0
0.0
0.0
0.0
0.0
1.0
1.0
0.0
1.0
0.0
0.0
0.0
2.0
0.0
0.0
3.0
1.0
0.0
0.0
1.0
3.0
2.0
0.0
0.0
1.0
0.0
0.0
0.0
1.0
0.0
0.0
1.0
1.0
0.0
0.0
0.0
4.0
2.0
1.0
0.0
0.0
0.0
1.0
0.0
0.0
2.0
0.0
0.0
0.0
0.0
1.0
1.0
0.0
0.0
2.0
0.0
2.0
0.0
0.0
3.0
0.0
0.0
0.0
2.0
0.0
0.0
1.0
0.0
0.0
1.0
2.0
1.0
1.0
0.0
0.0
0.0
1.0
1.0
1.0
1.0
0.0
0.0
1.0
1.0
1.0
4.0
0.0
1.0
1.0
1.0
1.0
1.0
0.0
0.0
4.0
0.0
1.0
4.0
9.0
3.0
1.0
0.0
1.0
0.0
2.0
0.0
0.0
0.0
0.0
0.0
0.0
0.0
15.0
1.0
0.0
0.0
0.0
0.0
1.0
0.0
0.0
0.0
3.0
0.0
0.0
0.0
3.0
0.0
0.0
0.0
0.0
0.0
0.0
0.0
0.0
0.0
0.0
1.0
7.0
0.0
1.0
2.0
0.0
0.0
0.0
1.0
0.0
0.0
1.0
4.0
1.0
0.0
0.0
0.0
13.0
0.0
0.0
0.0
0.0
0.0
0.0
0.0
0.0
0.0
0.0
0.0
0.0
0.0
0.0
2.0
2.0
0.0
0.0
1.0
1.0
1.0
0.0
0.0
1.0
0.0
0.0
0.0
0.0
0.0
0.0
0.0
0.0
0.0
0.0
0.0
0.0
1.0
1.0
0.0
2.0
0.0
2.0
0.0
0.0
1.0
3.0
1.0
0.0
0.0
0.0
2.0
0.0
0.0
0.0
0.0
0.0
8.0
0.0
0.0
0.0
0.0
0.0
19.0
0.0
0.0
0.0
0.0
0.0
0.0
2.0
0.0
0.0
0.0
0.0
0.0
0.0
1.0
0.0
0.0
0.0
0.0
1.0
0.0
0.0
1.0
0.0
0.0
0.0
0.0
0.0
0.0
0.0
0.0
0.0
0.0
1.0
0.0
0.0
0.0
1.0
0.0
0.0
0.0
0.0
0.0
10.0
0.0
0.0
0.0
0.0
0.0
0.0
0.0
0.0
0.0
0.0
0.0
0.0
0.0
0.0
0.0
0.0
0.0
0.0
0.0
1.0
0.0
1.0
0.0
1.0
1.0
0.0
0.0
0.0
0.0
0.0
0.0
0.0
4.0
0.0
0.0
0.0
0.0
2.0
0.0
0.0
0.0
0.0
0.0
0.0
1.0
0.0
0.0
0.0
0.0
4.0
0.0
0.0
0.0
0.0
1.0
0.0
0.0
0.0
0.0
0.0
0.0
0.0
1.0
2.0
0.0
0.0
1.0
10.0
0.0
0.0
0.0
0.0
0.0
1.0
0.0
0.0
0.0
0.0
0.0
0.0
1.0
0.0
0.0
1.0
0.0
0.0
0.0
0.0
0.0
0.0
2.0
1.0
0.0
0.0
0.0
4.0
0.0
0.0
0.0
0.0
0.0
0.0
6.0
0.0
0.0
0.0
0.0
0.0
0.0
0.0
0.0
0.0
0.0
0.0
0.0
0.0
0.0
0.0
0.0
1.0
0.0
0.0
0.0
0.0
0.0
0.0
0.0
0.0
0.0
1.0
0.0
0.0
0.0
0.0
0.0
0.0
0.0
0.0
0.0
0.0
0.0
1.0
0.0
1.0
0.0
0.0
0.0
0.0
0.0
0.0
0.0
2.0
0.0
0.0
0.0
0.0
0.0
0.0
0.0
0.0
0.0
0.0
0.0
1.0
0.0
0.0
2.0
0.0
4.0
0.0
1.0
0.0
1.0
0.0
0.0
2.0
2.0
0.0
1.0
2.0
1.0
2.0
1.0
2.0
1.0
1.0
1.0
2.0
1.0
0.0
1.0
22.0
41.0
36.0
7.0
2.0
2.0
0.0
3.0
2.0
0.0
1.0
0.0
2.0
5.0
1.0
3.0
1.0
0.0
1.0
1.0
0.0
1.0
3.0
0.0
1.0
2.0
3.0
1.0
2.0
4.0
1.0
0.0
2.0
1.0
0.0
0.0
2.0
0.0
1.0
7.0
0.0
1.0
0.0
2.0
0.0
0.0
0.0
0.0
0.0
1.0
0.0
4.0
0.0
1.0
0.0
1.0
0.0
0.0
0.0
0.0
1.0
0.0
1.0
1.0
1.0
0.0
0.0
0.0
0.0
0.0
0.0
1.0
0.0
0.0
0.0
0.0
1.0
11.0
0.0
0.0
0.0
0.0
2.0
0.0
0.0
0.0
0.0
0.0
0.0
1.0
0.0
0.0
0.0
0.0
1.0
0.0
0.0
0.0
0.0
0.0
0.0
0.0
2.0
4.0
2.0
0.0
0.0
0.0
1.0
0.0
1.0
0.0
0.0
0.0
0.0
0.0
0.0
0.0
0.0
0.0
0.0
0.0
63.0
1.0
0.0
0.0
0.0
1.0
11.0
49.0
49.0
27.0
0.0
0.0
1.0
0.0
0.0
2.0
0.0
0.0
2.0
0.0
0.0
0.0
0.0
33.0
82.0
92.0
28.0
4.0
36.0
