10.765740407051283
12.143850092592592
11.925120999999999
12.511769545454547
10.296434034391535
11.546250486111113
13.84851079004329
14.323293796296298
17.739727525252526
13.543934292929293
12.79176976023976
12.726759848484848
9.284681291486292
10.829075227920228
8.924334351851853
9.4201525
8.994930042488376
11.88462402777778
13.679406666666667
13.739804242424244
11.041466044973545
9.74817467253177
8.941461552287581
8.010466354166667
8.598465854700855
8.663007465728715
8.845906495726496
9.421872663817664
8.29043219845514
8.38466212962963
8.51798951388889
11.058675833333334
10.952853962703964
11.380658344988342
11.2574033003108
7.354837771883289
7.2139099375892926
7.009504958492975
5.9637511038961035
6.57782043128655
7.712418154761906
6.651886133333334
6.170812977443609
9.577149011380778
8.78305638888889
7.2611591731797605
7.167041099887768
6.929285694592988
5.5223176523297495
4.604216694805195
5.149845133986929
5.794883389588102
6.296509337606839
7.111504493464053
8.250794874465813
7.398607220736781
6.400612572115385
6.117981661168591
4.614109791341991
5.290478207407407
4.994817652464494
6.148604206349205
7.028758007246378
6.266531385281386
6.488589995098039
6.3562897394755
9.929232637140638
6.860047777777777
6.261505719627595
6.233528083333333
7.316867826617827
6.488506590354089
5.718117442002442
5.576431200396826
5.0346194837801095
5.410764502442002
7.424939722222223
7.229151011111111
6.463349166666667
6.595081601616774
9.174356699346406
8.568079652014651
4.992723576388888
5.590968703703704
5.8290851944444455
7.4031703888888885
7.642764743589744
7.826684319444445
6.63369195959596
7.45151648611111
6.879843998168499
7.000830957091503
8.882523574481077
8.062743888888889
9.238342171717171
8.490675325396825
8.765748040674604
7.730251071127946
8.36597827922078
8.472836583504217
7.760982501708817
6.961790338303672
7.603053722943724
6.787867070707072
7.866045752262445
9.378374535834537
8.8510319237013
10.371680831501832
10.109690117216116
10.196408029761905
9.120699990079364
9.86349966727717
8.763469779761905
11.065062133821735
12.031088586309524
11.660038412698412
11.133741468253968
10.22233438888889
11.388187564935066
5.661212434104584
11.20544761904762
11.191903401875903
11.774267146464647
9.723647324481076
9.533630317460318
9.94825468133718
10.593201442577032
12.885855666666664
9.667027793650794
12.028659545454547
12.251779935064937
11.329531212121212
10.816587222222223
10.621395437229436
8.941798104575163
12.070902174603175
11.301411666666667
9.814767759398498
11.305591915584415
9.65634040853883
10.664170151515151
11.414683689102565
12.132603897435894
10.9531654009324
11.890167586247088
11.307143726107228
12.962399786713286
12.51963517715618
10.903383015151517
11.095314208333335
12.830659456876456
11.940639794094794
10.734501142191142
10.45086256643357
10.205643853646354
10.86955862637363
11.995552843822843
10.396757912457915
10.484372323232323
10.134703030303031
9.734788264860141
11.099995833333333
12.01830022727273
11.805842727272728
10.777700303030306
11.27543797979798
11.157869999999997
10.143754612794613
8.671990522727272
10.16075655122655
12.308519132996631
12.499482570707073
12.976763484848485
14.804157829254079
12.005503825757577
13.107361691919193
16.157233402777777
12.391777500000002
11.090522083333333
10.987373214285716
12.187065774410774
12.937280320512821
12.894753511904762
10.592377202380952
11.21184840909091
9.117857406926408
8.17964053030303
9.469174642857142
9.577111512237762
9.119436704545455
9.199779553872055
9.172208011063011
10.432535584415584
11.92040094155844
10.91160878787879
13.20392159090909
12.880851439393942
12.067967651515152
9.842719166666667
12.12561425925926
11.0726171506734
8.93645945328283
10.076283327020203
9.959761057109557
8.833222382154881
9.115961857142857
11.049361566951568
11.450367107984606
12.23041159090909
13.689056952861952
12.713970547138047
10.976568612313613
11.723919225589226
10.598513291005291
12.161062424242424
13.025434259259262
12.901712121212121
11.828976064814816
9.317576136363638
10.155828995726496
11.094943333333333
12.842950836247086
9.04162608974359
10.786757867063493
12.61093682692308
13.502104875
12.195139833333334
12.016531046176048
15.127447090909092
15.741337215488215
16.968784388888892
14.807666425925925
13.752009361305362
13.424324979166665
11.451562937710436
14.378543725490196
13.285705361305363
11.951643888888889
11.206021320512823
10.628201527777778
11.414117666666664
13.997390377104379
13.053779897306399
10.663466293706295
11.118724040404041
9.985612424242424
11.160360509259258
11.351995757575757
8.524422097902098
9.187529207459209
10.03755677156177
9.418110196581198
9.583625995370369
9.688019903198656
10.614742306397309
11.332598179413182
11.896019849687349
10.307793961840629
8.777899943977593
7.647898760182469
9.402716423611112
9.075347166666667
12.415954745791245
7.973435941724943
9.466195268887974
12.052523482323233
11.331887463203465
13.06851323973064
10.299785264040404
10.788475366786143
12.280376842592593
11.46084438138528
11.933696798412699
12.132972977492878
13.139527416498316
10.83908904949495
11.002937238047137
12.147698138888892
10.070972515151517
10.896056769230768
11.775673181818183
11.143813088744592
8.564304439393938
10.510048712250713
11.338922376068377
9.987316004575163
11.376434166666668
14.294150574074076
