10.443432391328976
11.131198999981143
11.023122687803331
11.315158726412122
10.208779204999098
10.832399196740402
11.984817582824979
12.220920851832995
13.9304259504296
11.831241100149493
11.456447067923214
11.422653877927269
9.702902833546476
10.473811567644963
9.52272936372926
9.769350203684846
9.558027209047522
11.001585967573734
11.900265521136667
11.929176074896967
10.581295210290106
9.93336128995073
9.531292963947124
9.06450713076818
9.359795115153764
9.390777686549205
9.48351543566658
9.770210285593679
9.205778287030903
9.25160501849966
9.319556944747777
10.588611870351512
10.536989169155317
10.749603126179018
10.689263837958734
8.73669283962649
8.66751715659798
8.564026432931334
8.042437739751385
8.348184169328121
8.916771265184288
8.385217020351513
8.145968676525138
9.847848459375236
9.452090382247777
8.689853540274727
8.644082737747217
8.52391680098134
7.821721013968211
7.361382301087443
7.635484754796797
7.956715648478898
8.208816856606752
8.615026200416873
9.18595962503624
8.758577564053235
8.260868473861027
8.118264784269142
7.367617083474329
7.704513057388549
7.557971014035581
8.133576056859448
8.574941191426523
8.192539646325539
8.304857185352354
8.237418823422594
10.025178506373651
8.489297842573736
8.191315047617131
8.176037995351512
8.718996101112246
8.303527248861892
7.919620908804556
7.84748955388326
7.577871929693388
7.764656204905847
8.773032048914446
8.673849459240403
8.292236771136666
8.356814754493234
9.647740537476537
9.343313779692169
7.556923975997777
7.8547583055366985
7.9751047850255565
8.76085914812929
8.881944559598205
8.972616113407069
8.377408167601315
8.785032196740403
8.500484186887581
8.559689432230597
9.501823975043871
9.09064589812929
9.679733273661919
9.304611616383259
9.443436208140637
8.924399489248819
9.243551327413721
9.295692245436953
8.941053438657741
8.540169122836684
8.862089049275195
8.453207489038384
8.993585063934558
9.748461221602113
9.486078149653983
10.245114369435761
10.115407246411392
10.1574779685658
9.620912182843016
9.99102378732343
9.442297077684287
10.591805020595709
11.076106480958094
10.889293160034052
10.627432921930316
10.17044114812929
10.754655970270866
7.88988017073714
10.663285997327144
10.655225654622797
10.947695761035655
9.921097615925383
9.82737734653349
10.033401294353435
10.357162909091848
11.502201787018178
9.894076084628733
11.073603726412118
11.1864521553358
10.724039559745455
10.468855798914442
10.369971672299567
9.531461240090914
11.094725040986434
10.711268021136668
9.966657833384094
10.71335814559554
9.887444157954262
10.39264726356091
10.76661579823613
11.126864136521279
10.535856654151045
11.005645980926879
10.712845816738458
11.541762081159975
11.319091542262933
10.512253695379092
10.606931057851511
11.47589191624156
11.029593850732242
10.427812758898904
10.28470523690163
10.16338411462651
10.49405326687166
11.058338609714754
10.257652909913803
10.302748349419495
10.12662546883636
9.927956320233404
10.609271870351515
11.069712301439699
10.96219531732121
10.449412339318485
10.696992943583837
10.639497187803332
10.131151260082154
9.396557449166972
10.13965222929812
11.214821754301648
11.309015239038382
11.548943930227574
12.461352868311884
11.06331410068212
11.612954799644442
13.139178889192223
11.255162703684846
10.60582322947
10.552960560827705
11.15409507500872
11.527914113941256
11.507938943755713
10.355462554875324
10.666486392348787
9.618202657148052
9.15038245295485
9.793861275113416
9.849117943922215
9.61899230595757
9.66045196473936
9.64537795921635
10.276829980011128
11.019474424464065
10.516366581742728
11.66123474913939
11.500987907500303
11.093257779442423
9.981921771136667
11.122081083314477
10.596870763140034
9.52750368032626
10.098703851313434
10.039154482239626
9.477173378880773
9.617254882256276
10.585242971279117
10.784457507677148
11.17576798325788
11.90380243011582
11.417547461372356
10.547558259841653
10.922521800597943
10.35853059918749
11.141093399924543
11.571991083314474
11.511418248409393
10.973761986092256
9.719350255985153
10.137188451548093
10.608033854470001
11.480749371808388
9.581375232675128
10.452652887216592
11.366030601264875
11.810326391184846
11.158132104469999
11.06753947677287
12.624285733257878
12.929942561428954
13.544954382247775
12.463107166647811
11.936566868456014
11.771436443268177
10.78634365665855
12.248545816429944
11.703414868456013
11.03509589812929
10.663572848059744
10.373374717573732
10.767621021136664
12.057969142237035
11.587452136456532
10.391007100537992
10.619924208005353
10.052080165806057
10.640742442432963
10.735271832472725
9.322773236754383
9.653038557414451
10.079340573584217
9.768329051975444
9.852375185488517
9.903283905284175
10.367933341001986
10.725573043391435
11.008572112647007
10.213170934605161
9.44951215979213
8.883223333776082
9.761920399608888
9.596947537018181
11.268539560698956
9.045991924547318
9.79365982224732
11.085535694846461
10.726505919405065
11.593530573550169
10.210454819823534
10.453511637077918
11.200750609099629
10.789696144377487
11.027410587009683
11.125760442431284
11.630325896052492
10.478818478432322
10.562030806826902
11.133123023129292
10.09604844537909
10.507302338300233
10.948398778712425
10.631180498057141
9.342714407500303
10.314298309810203
10.73002337583752
10.052931955972428
10.748779271136664
12.206349240721883
