12.323962
12.028287
12.864430
13.000636
12.755110
11.158498
13.858408
12.472540
10.440688
9.704603
11.263732
9.377801
12.140996
10.856955
11.142374
8.675892
8.155037
10.466130
16.672160
19.573280
15.678390
8.227821
9.408215
10.274085
9.936032
9.798445
12.036419
7.686258
10.636473
14.902159
17.647122
16.704917
14.939365
11.475463
8.511145
10.512199
8.339191
11.735226
12.109312
11.480978
11.664687
9.424502
13.120821
12.450872
9.919817
10.033737
8.385632
7.741947
6.341176
11.972852
14.134171
12.387072
8.977579
12.243389
10.637493
12.165900
12.004185
11.105680
12.451808
10.989417
10.759821
10.588018
13.977779
12.687866
11.299416
11.566647
11.858844
10.310966
10.207815
12.207310
9.912615
12.346289
10.942306
12.648379
10.894770
12.909640
15.225332
19.029843
18.557972
13.843238
10.409599
12.361874
7.774581
8.882725
11.422245
11.640928
12.745419
11.350991
9.752354
18.007197
16.063608
17.936318
18.906522
8.223769
6.768554
9.922875
10.105839
10.423143
9.941194
8.162154
7.778351
10.637658
7.673422
10.417524
10.526900
6.052078
7.922676
10.509155
10.531922
11.766986
9.989745
10.006452
11.283520
11.461345
12.013149
12.339384
11.918359
13.090063
10.881746
13.159346
11.201750
12.116071
11.815547
11.771404
9.357197
11.005103
12.977503
9.987522
12.214522
12.513805
10.370223
12.499819
9.738479
19.645350
19.679859
12.818515
11.516935
12.266884
11.558136
12.907796
11.692269
13.709580
13.382988
13.352261
11.940881
11.498722
12.277965
10.632824
13.090177
13.076491
14.359949
11.042838
12.289582
11.729594
8.745858
6.037530
13.657635
11.197196
13.011381
15.440001
10.944896
18.538685
18.143916
14.797173
16.255622
14.998101
14.980819
10.836037
11.895353
10.679879
12.738371
9.591485
9.324101
10.487808
8.640084
9.592390
9.816607
9.831539
10.694143
13.168384
12.165293
11.925827
11.065871
12.043372
10.656993
9.492836
8.865835
9.969221
10.205895
11.706378
12.034551
11.913004
12.915937
11.939453
13.291136
10.807336
11.179580
11.676905
12.146973
11.885002
9.243438
11.134840
10.179180
7.450103
17.317242
21.875273
19.453181
17.237529
16.296610
16.709291
13.524620
13.689345
12.514173
10.513716
9.351114
11.623776
11.040121
9.035394
9.673648
10.159447
9.888160
9.786212
11.321452
12.302719
10.468615
11.698583
9.766055
9.982911
10.261572
10.055639
17.713199
19.481902
21.953829
21.351999
20.650370
21.690238
21.490231
21.252038
20.759083
18.599198
21.084404
15.966010
18.394392
19.857128
18.068855
19.517709
15.694728
16.813991
18.479808
23.784080
18.205586
8.461389
9.348459
10.664280
13.410843
11.790443
9.646682
8.907171
6.251666
9.926740
18.124520
15.947824
13.156345
16.744465
18.733701
18.501764
18.236602
18.187615
17.881794
17.888629
16.328775
15.623166
15.318388
16.310901
16.947427
16.508797
15.540205
16.846592
17.042803
16.235855
16.658713
15.956486
14.929958
13.837873
13.490641
17.182625
11.678060
14.243731
